0.355751
0.424760
0.114689
0.170178
0.195155
0.113446
0.172778
3.980676
0.687690
0.725664
1.902000
4.123572
3.165499
0.909521
0.603894
0.267470
0.423422
0.295965
1.095752
0.734427
1.966871
4.668675
0.728257
0.477729
0.500697
1.390924
4.769788
2.101649
1.016722
0.600817
1.828557
3.579801
1.016221
2.855500
1.008495
2.214952
1.038622
2.769704
3.866096
0.663174
0.445923
0.397588
0.188348
0.193762
0.114890
0.114350
0.114607
0.128021
0.913822
2.450037
1.190977
0.836270
1.934025
0.911106
2.549000
0.024272
0.701776
0.776066
0.397198
0.507620
1.343397
4.363140
2.007680
4.565438
0.875114
0.438903
1.692683
0.944458
0.675984
0.397383
0.400596
1.210994
3.475417
1.014541
2.705405
3.601061
2.777393
0.807852
0.870727
0.542258
0.295485
0.398710
1.110846
2.860755
4.084038
0.664590
0.852528
0.398441
0.292590
0.118326
0.117443
0.117807
0.117249
0.197280
4.290681
0.689211
1.923198
4.182277
0.693305
0.752008
