# tempo de carga (ms) da pagina principal da globo.com, 2014-04-02
143
526
483
542
523
838
739
518
535
505
504
517
507
524
518
502
512
520
507
485
487
557
533
497
520
565
492
487
474
582
481
510
488
575
504
554
540
465
504
495
525
561
514
485
561
533
530
499
532
521
509
522
521
494
542
545
493
532
463
553
505
516
541
489
528
535
542
495
498
527
545
530
523
506
516
491
486
543
525
514
483
487
528
468
548
496
499
543
528
512
483
519
566
521
498
492
485
477
491
543
505
516
533
475
517
501
502
504
497
541
550
500
507
491
511
582
514
518
520
503
534
508
461
564
501
518
543
490
528
506
613
501
528
598
583
498
484
467
506
506
557
516
513
523
510
509
560
497
467
508
482
501
511
448
511
508
517
507
501
534
492
511
541
572
527
508
550
516
498
529
496
498
490
487
488
548
525
522
522
530
579
501
552
475
514
502
502
500
526
470
592
600
450
587
539
515
491
533
517
533
542
515
594
483
523
490
522
459
498
516
485
497
523
540
574
475
490
521
491
490
517
518
497
506
485
487
514
525
496
504
494
496
547
512
501
487
489
530
531
523
470
494
546
495
520
531
543
523
494
506
542
517
535
472
536
494
484
500
500
476
482
512
481
505
541
488
508
550
570
489
495
502
516
491
520
504
557
612
503
578
534
508
486
479
503
525
509
493
522
503
526
536
481
491
506
506
597
577
518
534
505
527
519
545
570
534
567
570
490
553
502
530
512
506
566
502
493
515
543
530
700
499
526
569
502
506
468
528
485
460
0
0
38454
19597
546
552
561
547
587
527
534
477
567
495
528
558
493
525
539
484
507
514
520
519
483
529
587
564
451
509
478
474
483
476
526
498
460
482
542
489
505
548
505
533
517
520
489
452
515
526
565
659
519
509
545
490
528
612
485
569
467
542
545
508
485
506
488
449
506
492
482
568
469
509
499
446
476
482
503
509
535
500
495
485
481
477
486
520
482
520
500
513
478
591
544
472
483
540
509
508
487
522
528
528
479
529
543
491
487
535
501
517
482
493
623
523
523
493
519
514
519
561
454
537
548
525
561
531
491
581
529
498
661
554
472
513
528
483
525
496
535
550
693
490
495
488
557
523
499
501
525
469
511
533
481
489
497
504
532
518
498
487
506
514
508
529
511
480
552
506
