# tempos de execucao do benchmark
te
76
74
73
76
73
74
72
66
69
69
72
71
82
72
68
72
70
70
74
78
75
68
69
71
68
69
74
65
72
78
68
73
69
68
66
74
73
69
73
68
73
76
71
77
74
73
70
68
72
72
73
77
79
70
71
66
73
68
74
76
69
75
73
67
85
68
75
78
71
73
67
66
71
75
75
71
71
69
76
72
68
71
76
65
69
75
75
78
74
77
67
65
72
70
70
68
70
77
71
70
67
77
74
69
75
66
77
70
71
67
80
69
70
71
68
71
71
72
72
71
71
66
63
79
69
69
74
74
79
67
72
78
71
60
73
72
75
71
72
67
79
71
78
72
73
69
71
70
71
75
74
67
68
74
77
77
68
64
78
73
68
63
63
70
70
76
77
72
68
75
75
66
69
68
73
72
70
72
72
67
68
71
71
69
71
71
68
68
77
68
76
70
74
74
72
71
75
71
78
71
