# tempo de resposta do SGBD (ms)
"tr.bd"
83
36
35
37
47
74
67
62
44
66
33
37
63
47
40
52
36
45
36
43
54
42
41
44
25
28
85
45
37
43
91
33
31
31
68
23
36
62
36
31
80
45
45
36
64
34
43
27
84
37
30
60
66
33
40
60
50
26
51
66
46
64
67
51
33
42
46
49
30
61
46
60
72
66
53
48
51
76
28
26
54
45
36
74
36
39
81
40
32
51
39
24
77
36
28
46
82
56
54
47
46
44
90
45
59
58
86
71
37
56
49
29
45
48
34
43
90
59
59
41
41
46
35
21
57
41
79
34
23
38
48
45
37
95
53
89
38
57
25
50
47
37
43
74
43
45
22
46
29
27
75
42
38
33
42
44
29
43
58
75
38
35
68
50
49
55
56
50
24
43
43
47
30
72
91
74
57
27
30
75
63
59
36
48
63
48
61
36
64
33
32
71
42
46
44
55
26
57
41
36
28
41
32
30
34
55
38
64
40
33
65
50
41
51
65
31
40
58
29
42
74
70
87
49
55
41
33
52
61
36
43
31
67
82
58
44
68
53
38
46
40
36
24
29
48
34
41
27
34
38
52
62
51
49
42
33
21
56
48
55
45
78
48
25
29
34
43
31
46
83
48
70
40
52
49
71
37
53
50
53
44
37
55
57
45
23
70
42
77
48
23
41
50
52
64
33
43
30
36
62
35
28
40
31
43
33
25
47
80
56
39
57
35
25
58
42
48
20
43
20
29
29
38
31
25
85
21
27
58
44
48
35
30
38
29
48
42
26
45
32
54
26
33
33
73
60
82
26
74
91
53
37
63
34
31
62
31
80
44
37
62
82
61
53
79
24
41
32
31
23
43
67
43
40
32
70
24
53
50
26
35
61
55
45
53
49
75
61
59
35
43
40
20
62
24
62
25
84
42
59
59
72
36
51
53
81
44
94
62
24
55
40
29
36
47
55
69
45
27
29
70
40
24
36
29
45
64
51
42
74
66
36
82
30
60
38
38
51
44
43
46
28
40
24
53
44
52
42
42
28
31
67
36
66
39
29
45
42
52
50
37
63
22
44
69
48
63
37
30
23
57
30
50
52
33
29
35
25
59
45
55
70
68
43
50
33
51
24
57
30
54
45
40
69
26
30
51
65
36
47
